0 105.959 0 0 11.3773 0 0 0 0 0 0 0 0 0 0 0 
9.10181 0 0 0 0 135.967 0 0 0 0 0 0 0 0 0 0 
0 0 0 4.78392 0 0 172.774 0 0 0 0 0 0 0 0 0 
0 0 135.967 0 0 0 0 5.9799 0 0 0 0 0 0 0 0 
9.10181 0 0 0 0 0 0 0 0 0 0 0 0 0 0 0 
0 105.959 0 0 0 0 172.774 0 0 0 0 0 0 0 0 0 
0 0 135.967 0 0 138.219 0 0 0 0 218.219 0 0 0 0 0 
0 0 0 4.78392 0 0 0 0 0 0 0 0 0 0 0 0 
0 0 0 0 0 0 0 0 0 158.689 0 0 26.2144 0 0 0 
0 0 0 0 0 0 0 0 20.9715 0 218.219 0 0 0 0 0 
0 0 0 0 0 0 174.575 0 0 174.575 0 18.5514 0 0 274.575 0 
0 0 0 0 0 0 0 0 0 0 218.219 0 0 0 0 14.9959 
0 0 0 0 0 0 0 0 20.9715 0 0 0 0 8.58993 0 0 
0 0 0 0 0 0 0 0 0 0 0 0 6.87195 0 0 0 
0 0 0 0 0 0 0 0 0 0 219.66 0 0 0 0 0 
0 0 0 0 0 0 0 0 0 0 0 11.9967 0 0 0 0 
